0
2307162.23
391192.51
0
0
0
0
0
0
0
15591365.07
0
0
0
0
0
6789869.08
0
0
0
0
0
0
18661679.61
0
0
0
0
5401793.60
0
0
0
13997410.74
0
0
0
0
0
0
0
17019238.50
0
0
0
0
0
0
0
8405156.76
0
0
0
0
7469653.99
0
0
0
3631304.91
0
0
0
0
13680019.57
0
0
0
0
0
0
0
0
0
21026575.40
0
0
0
0
0
6770601.75
0
0
13877826.02
0
0
0
0
0
0
0
15764300.87
0
0
0
0
0
5218562.47
727932.66
0
0
0
0
11336626.88
696984.24
0
0
0
0
0
0
0
0
15802579.93
0
0
0
0
0
0
0
0
0
0
0
24536288.72
0
0
0
0
0
0
0
0
30533241.12
0
0
0
0
0
3902486.14
0
0
0
0
33597755.21
0
0
3805750.38
0
0
0
24091811.02
0
0
0
4988808.21
0
2140030.92
0
2038170.67
0
0
0
8975833.36
0
1044444.54
0
2100980.21
0
0
0
16052410.83
0
2148316.42
0
0
0
0
6129539.43
0
0
0
0
0
0
0
0
0
64905517.65
0
0
50968412.58
0
0
0
6370250.64
0
0
0
4915593.20
8829389.20
1038373.94
0
0
0
4490339.49
0
0
0
0
0
0
0
7089194.54
0
0
801057.55
0
1878255.09
0
12636751.12
0
0
0
0
0
6916920.13
0
0
2992781.57
0
0
0
3196547.03
0
0
0
0
1429476.11
866183.32
0
0
0
0
0
9153484.88
0
0
0
0
0
0
15107002.24
0
0
0
0
6808483.96
0
0
0
0
0
0
16055880.73
0
0
0
0
0
25186260.21
0
0
3456480.23
0
0
0
0
0
0
0
22414093.50
958878.82
367173.22
901884.48
0
0
1931474.80
0
0
0
0
0
0
7696680.33
0
0
0
2994572.21
0
0
0
0
12257748.27
0
0
0
0
4138172.99
442899.06
0
0
0
0
0
13675105.67
0
0
2227008.03
0
0
0
0
0
0
8743877.80
0
0
2721357.01
0
0
0
0
0
8729392.91
0
0
0
0
0
0
0
0
9937283.03
0
1447870.53
0
0
0
0
0
0
0
0
18680098.10
0
0
0
0
0
0
0
18399160.53
0
1307293.04
462752.26
0
1150498.02
0
1221738.07
0
0
4792658.35
0
0
0
0
0
0
0
0
0
0
0
0
12952192.89
0
0
0
0
17611429.97
0
1410917.29
0
0
1843709.96
0
0
2221289.77
0
0
0
0
0
0
0
0
0
18948827.67
0
0
0
0
0
17428452.98
0
0
0
1558712.24
0
0
0
0
0
0
18979599.19
0
0
0
0
14410708.81
0
0
0
0
0
0
0
0
0
0
0
19946601.01
0
0
0
1767117.91
0
0
0
0
0
0
0
0
0
0
10000441.74
0
0
0
0
0
0
28414544.43
0
0
0
0
2596432.92
0
0
0
0
0
0
0
10401481.92
0
0
0
6796888.03
0
0
0
0
5125800.12
467702.34
0
0
11070173.50
849344.26
0
0
0
0
0
0
0
8698099.22
9394248.83
0
730915.33
0
0
0
0
1963484.53
0
0
4252983.06
0
653828.50
0
0
0
0
0
0
0
0
0
0
0
42794697.56
10208722.99
0
0
0
348732.75
0
0
0
0
15184658.12
7834139.14
0
2054340.05
0
0
0
9144543.50
0
1836749.58
0
6409645.53
0
1746857.35
0
0
0
0
0
0
0
23810057.19
0
0
0
3707152.54
0
0
0
0
0
0
0
0
0
46663532.70
0
0
0
0
0
25737016.52
0
0
3982872.62
1175432.13
0
11781320.02
0
0
0
10166807.68
0
0
0
0
0
0
0
0
0
0
0
0
23179951.19
0
0
0
0
24750883.61
0
0
11878491.65
0
0
0
0
0
0
0
0
0
0
17791387.59
0
0
0
0
0
0
22375180.08
0
0
0
17373966.13
1104456.38
0
10579247.17
0
0
0
0
0
0
0
0
0
31923289.19
0
0
0
0
0
17603353.15
361199.61
0
0
0
0
0
15767596.35
0
0
11354235.39
0
0
0
0
0
0
0
0
0
34263173.55
0
2170216.15
0
0
0
0
0
0
0
0
0
51890452.61
0
0
0
0
0
44331219.78
0
0
0
0
0
0
0
0
0
0
19251302.49
0
0
0
0
0
0
0
0
0
0
19919975.72
0
0
0
0
0
0
0
10825809.33
945382.75
0
0
0
0
0
0
0
0
15815987.63
0
0
0
4969519.90
0
0
0
0
16726569.98
0
0
0
0
0
26132814.65
0
0
0
0
0
6995681.58
0
0
0
0
0
0
17388228.32
0
0
0
0
0
0
0
0
0
0
40539530.90
0
0
0
21024430.31
0
0
0
0
0
16319071.08
0
0
0
0
0
0
0
0
28244624.32
0
9770979.43
0
0
0
0
0
12212213.94
0
0
0
0
0
0
0
0
0
0
0
0
34172202.25
0
0
0
0
0
0
14597902.39
0
0
0
0
0
0
0
0
13046320.38
0
0
0
0
0
0
0
0
0
0
0
52807317.17
0
2820323.56
0
0
25067473.09
0
0
0
0
0
0
0
0
0
40484388.84
1351049.04
0
0
4966312.44
0
0
0
0
0
0
8889537.74
0
0
10840760.96
1152211.30
0
0
0
0
0
0
16192436.64
0
0
0
0
0
26631943.24
0
0
0
0
0
0
21492982.24
0
0
0
0
0
18947548.96
0
0
0
0
0
0
0
0
0
27782053.83
0
23334752.92
0
0
0
0
18405503.18
1583115.71
0
0
0
0
15981772.55
0
2915782.13
0
9448268.16
0
0
0
0
0
0
0
0
0
40628613.64
0
0
5077029.42
0
0
0
19685655.01
0
0
0
8699137.89
0
0
0
0
0
0
20498366.41
0
0
0
16035424.27
0
0
0
0
0
20509951.37
0
5678963.92
1385109.95
0
978205.14
0
0
0
13272508.39
0
0
0
0
0
0
21823614.22
3712467.76
0
912435.75
0
0
0
0
16584111.63
0
0
0
0
0
24038180.79
0
0
0
0
0
0
26586140.51
0
0
0
0
0
14458257.67
0
0
0
0
0
24880988.57
1609524.90
0
12989451.54
1675260.09
0
0
2591825.61
0
0
0
15668367.92
0
0
13814409.97
0
0
0
0
17819642.97
0
0
0
0
0
0
0
32271347.11
0
19067463.74
0
0
0
0
44550370.27
0
0
0
0
29372147.91
0
0
0
0
23031543.81
0
3901088.76
1636050.81
0
0
14557865.34
1629650.34
0
5273833.35
1872397.32
0
3671709.67
1600783.97
8287163.48
0
0
0
0
0
0
0
0
36400425.15
8120833.45
0
0
0
0
0
0
14486088.42
0
4033499.58
0
0
0
0
0
0
13904065.20
0
0
0
0
0
0
0
55863193.02
0
0
34907671.59
2656519.77
0
0
22310116.55
0
0
0
21878202.24
0
0
0
0
12343077.59
2100928.15
0
2321158.61
2310563.74
0
14545870.49
0
0
0
0
22023474.44
0
0
0
19093732.19
0
1463875.35
1903809.92
0
0
0
0
23878446.59
0
16270571.71
0
0
0
0
72450747.46
0
0
0
0
14836725.73
0
0
0
0
0
0
0
0
0
0
0
18179694.01
0
0
29887804.73
0
0
0
0
0
0
0
0
46206248.49
19095125.12
0
0
0
0
0
0
32015488.03
0
0
0
0
0
8393631.32
0
0
21726964.78
0
0
0
9806336.06
0
0
0
0
20642817.77
0
0
0
0
21815376.29
0
0
0
0
0
0
0
0
0
0
13217564.89
0
0
0
0
0
0
0
0
119142144.27
0
0
0
13344577.42
24970852.82
0
5445377.96
0
0
0
22383261.66
0
0
0
0
0
30150521.09
0
0
0
0
0
0
0
48598800.01
0
0
0
11177972.67
0
0
0
0
0
0
0
26211767.61
0
0
0
0
16677746.77
0
0
0
0
0
0
19413790.51
0
0
0
0
0
0
35704303.03
0
0
0
0
34943738.22
0
0
0
0
0
0
0
26440275.46
0
0
0
0
0
73451540.26
0
0
9047534.60
0
9484391.42
2751015.40
0
0
0
0
0
32075789.45
0
0
0
0
0
0
0
63981675.84
2824002.29
0
0
0
0
31071213.53
0
0
0
0
0
0
45390782.32
0
0
29215205.37
2963357.08
0
0
21885288.49
3086420.09
0
5448452.03
0
0
0
0
0
12497169.80
0
24409476.19
0
0
7099412.95
35523497.52
0
0
8311160.99
2815977.40
0
0
0
0
0
22673254.06
0
1924196.22
0
0
0
22902720.55
0
4873830.43
0
7499281.75
0
0
8520148.41
0
7822077.02
0
5600981.17
0
0
0
22817234.34
0
0
4030007.03
13402970.05
0
0
0
13488668.85
6920519.93
0
0
8139697.37
0
0
0
0
0
19136470.53
0
25157779.26
0
0
0
27622910.73
0
0
0
0
0
21505646.36
3288513.09
0
0
0
14192091.49
773932.30
0
0
0
27700609.77
2662243.82
729819.96
0
17534538.97
0
0
8826040.59
0
0
0
0
33905517.49
1352380.47
0
0
0
19240377.33
0
24405605.10
0
0
0
0
33883410.57
2639040.77
0
0
0
0
0
0
0
0
81594699.72
0
0
0
13246202.09
0
0
22470803.48
0
0
0
29873254.83
3097080.96
1542491.77
0
9438162.39
0
0
0
14742572.93
16179244.60
0
0
0
0
31618202.79
0
0
0
0
0
37137524.71
0
6092267.98
2867241.35
0
0
26460707.33
1471764.39
0
0
0
0
0
43036617.07
22610179.37
3144718.24
0
0
0
0
0
0
21168975.92
0
22933056.04
0
0
0
14061405.08
15200594.63
2581185.45
0
0
0
0
25313774.00
0
0
0
0
31746274.15
0
0
8144582.40
7800140.92
0
1934416.36
0
5734618.57
0
0
23232379.04
2163459.28
0
0
0
0
0
0
80499108.16
0
6867422.89
0
5772796.80
23634735.21
2820316.51
0
0
0
0
0
0
0
51491466.00
56169465.02
0
0
6872625.83
3219906.28
0
14791263.61
0
0
0
0
0
0
0
0
111503902.49
0
7599721.82
0
0
16776243.36
0
7343875.35
0
0
0
0
0
25541942.10
0
0
37626306.90
0
5259292.04
0
10975751.52
2826993.10
0
0
11882469.39
17751928.34
0
7222388.90
0
0
0
31599293.88
0
0
0
0
0
21337822.84
0
6912438.29
0
0
16075904.16
3400793.67
0
0
29279523.38
0
0
0
0
0
44340626.24
0
